1000 0.008981
2000 0.035039
3000 0.067276
4000 0.113192
5000 0.171452
6000 0.239336
7000 0.317296
8000 0.402754
9000 0.503039
10000 0.589826
11000 0.696156
12000 0.805800
13000 0.926440
14000 1.042968
15000 1.173514
16000 1.300188
17000 1.436516
18000 1.574449
19000 1.715470
20000 1.867627
21000 2.015351
22000 2.176409
23000 2.328109
24000 2.481465
25000 2.641651
26000 2.807433
27000 2.977895
28000 3.149632
29000 3.443991
30000 3.543100
31000 3.671099
32000 3.847288
33000 4.020142
34000 4.205983
35000 4.395125
36000 4.589808
37000 4.766537
38000 4.955791
39000 5.145568
40000 5.336115
41000 5.545467
42000 5.755965
43000 5.968897
44000 6.125862
45000 6.318544
46000 6.532892
47000 6.752027
48000 6.963554
49000 7.168194
50000 7.385712
51000 7.602265
52000 7.832203
53000 8.040839
54000 8.267455
55000 8.503471
56000 8.697234
57000 8.944680
58000 9.145096
59000 9.668892
60000 9.591673
61000 9.854132
62000 10.102490
63000 10.275430
64000 11.473557
65000 11.918115
66000 11.022649
67000 11.277093
68000 11.490164
69000 11.740701
70000 12.089523
71000 12.348928
72000 12.624021
73000 12.865069
74000 13.120453
75000 13.380315
76000 13.668899
77000 13.920723
78000 14.163858
79000 14.405382
80000 14.659179
81000 14.955280
82000 15.203288
83000 15.453493
84000 15.712662
85000 15.938592
86000 16.122194
87000 16.341280
88000 16.528761
89000 16.771900
90000 17.077450
91000 18.733722
92000 17.244563
93000 17.393451
94000 17.573386
95000 17.810896
96000 18.003978
97000 18.226494
98000 18.466167
99000 18.675876
100000 18.883975
101000 19.097883
102000 19.347978
103000 19.566658
104000 19.778100
105000 20.021241
106000 20.229677
107000 20.452755
108000 20.683720
109000 20.907029
110000 21.110363
111000 21.358198
112000 21.572000
113000 21.801975
114000 22.037574
115000 22.241216
116000 22.514516
117000 22.713897
118000 22.939604
119000 23.176017
120000 23.384540
121000 23.633856
122000 23.828286
123000 24.069695
124000 24.340809
125000 24.529080
126000 24.786710
127000 24.980909
128000 25.199870
129000 25.435210
130000 25.655163
131000 25.935577
132000 26.092465
133000 26.331343
134000 26.544179
135000 26.809081
136000 27.114812
137000 27.243648
138000 27.487306
139000 27.690759
140000 28.010287
141000 28.162261
142000 28.424626
143000 28.628031
144000 28.920804
145000 29.083654
146000 29.328692
147000 29.543498
148000 29.847541
149000 30.003952
150000 30.257871
151000 30.475856
152000 30.751420
153000 30.916757
154000 31.189814
155000 31.376568
156000 31.650790
157000 31.815559
158000 32.081651
159000 32.297036
160000 32.612944
161000 32.735724
162000 33.008501
163000 33.303626
164000 33.450568
165000 33.672332
166000 33.870295
167000 34.209787
168000 34.335490
169000 34.661044
170000 34.896258
171000 35.059641
172000 35.275224
173000 35.481976
174000 35.936641
175000 35.955694
176000 36.306982
177000 36.482042
178000 36.646701
179000 36.838734
180000 37.129042
181000 37.301919
182000 37.577705
183000 37.747403
184000 38.088268
185000 38.222029
186000 38.424338
187000 38.782219
188000 38.905492
189000 39.080545
190000 39.415480
191000 39.558417
192000 39.754961
193000 40.128367
194000 40.249043
195000 40.463034
196000 40.876610
197000 40.966969
198000 41.179145
199000 41.578311
200000 41.667187
201000 41.852870
202000 42.223204
203000 42.298908
204000 42.749698
205000 42.838426
206000 43.111522
207000 43.366563
208000 43.500484
209000 43.720599
210000 44.073562
211000 44.171943
212000 44.336789
213000 44.738166
214000 44.862189
215000 45.204257
216000 45.261389
217000 45.667380
218000 45.890824
219000 45.962645
220000 46.178536
221000 46.530213
222000 46.666584
223000 46.961033
224000 47.128487
225000 47.391344
226000 47.771072
227000 47.873765
228000 48.252929
229000 48.306882
230000 48.524397
231000 48.903424
232000 49.033972
233000 49.331818
234000 49.558886
235000 49.714186
236000 50.055678
237000 50.246440
238000 50.587209
239000 50.631000
240000 51.069287
241000 51.147544
242000 51.337769
243000 51.621755
244000 51.833520
245000 52.188847
246000 52.261442
247000 52.618247
248000 52.786040
249000 53.086497
250000 53.410736
251000 53.566967
252000 54.114714
253000 53.974390
254000 54.279014
255000 54.345486
256000 54.681266
257000 54.785537
258000 55.173124
259000 55.243038
260000 55.522101
261000 55.936989
262000 56.006038
263000 56.450692
264000 56.406150
265000 56.790093
266000 56.792087
267000 57.159305
268000 57.241296
269000 57.647166
270000 57.692218
271000 58.064715
272000 58.159208
273000 58.491884
274000 58.646498
275000 59.011902
276000 59.117522
277000 59.571022
278000 59.565813
279000 59.919491
280000 60.054859
281000 60.402606
282000 60.524840
283000 60.838809
284000 60.925939
285000 61.292601
286000 61.431818
287000 61.756069
288000 61.955136
289000 62.254151
290000 62.334826
291000 62.687897
292000 62.872769
293000 63.205107
294000 63.263658
295000 63.623374
296000 63.802283
297000 64.272929
298000 64.393995
299000 64.660502
300000 64.896393
