1000 0.013084
2000 0.041811
3000 0.070417
4000 0.108992
5000 0.157761
6000 0.222719
7000 0.294323
8000 0.384020
9000 0.516328
10000 0.614969
11000 0.724365
12000 0.850524
13000 0.967483
14000 1.048922
15000 1.178883
16000 1.370174
17000 1.579045
18000 1.731759
19000 1.911305
20000 1.955384
21000 2.288296
22000 2.469588
23000 2.502803
24000 2.794448
25000 2.879767
26000 3.285831
27000 3.264452
28000 3.482877
29000 3.771767
30000 4.071592
31000 4.194560
32000 4.531927
33000 4.856047
34000 5.051930
35000 5.212297
36000 5.539782
37000 5.932498
38000 6.022964
39000 6.326386
40000 6.928036
41000 7.158055
42000 7.596803
43000 7.741887
44000 7.945676
45000 8.378694
46000 8.872356
47000 8.948142
48000 9.229072
49000 9.943114
50000 10.249656
51000 10.668691
52000 11.215332
53000 11.509263
54000 12.091841
55000 12.389775
56000 12.679687
57000 13.115639
58000 13.629969
59000 14.307278
60000 16.595441
61000 15.118563
62000 15.456667
63000 15.981472
64000 16.343486
65000 16.562672
66000 17.393081
67000 17.352792
68000 17.633093
69000 17.730782
70000 19.402873
71000 20.927768
72000 20.801219
73000 21.018160
74000 21.463659
75000 21.880427
76000 22.567536
77000 22.851501
78000 23.244464
79000 23.746564
80000 24.191376
81000 24.648280
82000 25.173542
83000 25.514298
84000 25.940695
85000 26.790038
86000 27.184693
87000 27.418406
88000 28.007872
89000 28.638670
90000 29.254530
91000 29.404932
92000 30.014926
93000 30.660895
94000 31.099982
95000 31.571643
96000 32.496686
97000 32.622572
98000 33.171211
99000 35.702188
100000 33.934008
101000 34.282778
102000 34.799378
103000 35.181605
104000 35.803429
105000 36.198018
106000 36.917975
107000 37.248737
108000 37.827471
109000 38.128765
110000 38.888612
111000 39.140695
112000 40.005582
113000 40.310385
114000 40.944051
115000 40.917778
116000 41.696572
117000 41.920541
118000 42.343214
119000 42.952978
120000 43.605391
121000 44.288483
122000 44.797240
123000 45.367767
124000 45.911652
125000 46.215027
126000 46.829500
127000 47.301014
128000 47.993164
129000 48.543253
130000 48.871289
131000 49.301268
132000 50.993292
133000 51.320185
134000 51.648471
135000 52.176625
136000 52.712187
137000 53.485420
138000 55.520593
139000 53.890555
140000 54.717845
141000 55.041635
142000 55.867197
143000 56.019783
144000 56.722299
145000 57.372413
146000 57.673723
147000 58.253425
148000 58.869234
149000 59.286375
150000 59.921204
151000 60.272484
152000 61.174442
153000 61.314022
154000 62.208229
155000 62.479766
156000 63.142798
157000 63.767588
158000 64.301195
159000 64.967120
160000 65.290776
161000 66.048436
162000 66.338852
163000 66.828736
164000 68.625012
165000 68.601840
166000 69.429373
167000 70.408238
168000 71.738342
169000 69.851101
170000 70.608099
171000 70.853528
172000 71.449897
173000 72.511442
174000 72.472466
175000 73.337031
176000 74.179264
177000 74.497176
178000 74.319405
179000 75.122194
180000 75.666407
181000 76.513898
182000 76.262609
183000 77.170218
184000 77.933008
185000 78.622811
186000 78.485941
187000 79.489593
188000 80.104362
189000 80.531278
190000 80.625545
191000 81.385090
192000 82.016217
193000 82.900739
194000 82.906074
195000 83.713889
196000 84.689769
197000 85.260702
198000 85.081243
199000 85.971224
200000 86.912536
201000 87.846725
202000 87.713469
203000 88.339243
204000 89.012906
205000 90.074775
206000 90.125556
207000 90.698072
208000 91.354974
209000 92.660160
210000 92.820370
211000 93.385889
212000 93.352276
213000 89.683106
214000 90.376431
215000 91.106205
216000 91.560676
217000 94.216072
218000 92.618577
219000 93.865336
220000 93.938041
221000 94.367591
222000 95.063110
223000 95.895745
224000 95.863443
225000 96.590223
226000 97.709969
227000 97.372733
228000 98.819718
229000 99.227830
230000 99.194299
231000 100.444094
232000 100.944150
233000 100.520817
234000 101.465550
235000 102.245589
236000 102.286575
237000 103.423758
238000 104.057614
239000 104.011882
240000 104.851210
241000 105.379246
242000 105.590440
243000 107.135806
244000 106.997282
245000 106.887994
246000 108.131098
247000 108.616635
248000 108.655833
249000 109.764844
250000 109.539451
251000 110.181818
252000 112.119780
253000 112.182373
254000 111.810445
255000 113.527151
256000 113.666088
257000 113.357389
258000 114.958187
259000 115.267259
260000 114.845711
261000 116.148882
262000 116.953509
263000 115.908457
264000 117.085779
265000 116.748652
266000 118.059084
267000 118.088075
268000 119.126837
269000 118.247445
270000 119.940564
271000 119.583474
272000 120.680340
273000 120.896997
274000 122.203292
275000 121.630902
276000 123.267798
277000 122.951622
278000 123.928751
279000 124.157382
280000 125.013287
281000 125.195994
282000 125.928739
283000 126.233055
284000 127.377273
285000 127.395051
286000 127.881916
287000 128.935739
288000 128.939095
289000 129.802560
290000 130.780347
291000 129.936890
292000 130.747131
293000 132.502020
294000 132.042082
295000 132.403844
296000 132.798489
297000 133.569298
298000 134.922909
299000 135.344231
300000 135.927265
