1000 0.001246
2000 0.000944
3000 0.001467
4000 0.001407
5000 0.001922
6000 0.002595
7000 0.002677
8000 0.003660
9000 0.002990
10000 0.004008
11000 0.004511
12000 0.005145
13000 0.005579
14000 0.005754
15000 0.006070
16000 0.005813
17000 0.005651
18000 0.006349
19000 0.007502
20000 0.006064
21000 0.008133
22000 0.007634
23000 0.007830
24000 0.009069
25000 0.010053
26000 0.009859
27000 0.009122
28000 0.009356
29000 0.009905
30000 0.011042
31000 0.011439
32000 0.011967
33000 0.012601
34000 0.010982
35000 0.013165
36000 0.011868
37000 0.013927
38000 0.014239
39000 0.012927
40000 0.014601
41000 0.015060
42000 0.016013
43000 0.018724
44000 0.015101
45000 0.014529
46000 0.015187
47000 0.015991
48000 0.017849
49000 0.016887
50000 0.016778
51000 0.017790
52000 0.017656
53000 0.017976
54000 0.018473
55000 0.018741
56000 0.020697
57000 0.022111
58000 0.020928
59000 0.022823
60000 0.022379
61000 0.021271
62000 0.021486
63000 0.021978
64000 0.024112
65000 0.021147
66000 0.022600
67000 0.025413
68000 0.022138
69000 0.023267
70000 0.024908
71000 0.024780
72000 0.025173
73000 0.025538
74000 0.026789
75000 0.026887
76000 0.026956
77000 0.027495
78000 0.028157
79000 0.027873
80000 0.028986
81000 0.027208
82000 0.027556
83000 0.027889
84000 0.027655
85000 0.028825
86000 0.028450
87000 0.029657
88000 0.029551
89000 0.029639
90000 0.030847
91000 0.030722
92000 0.030597
93000 0.030916
94000 0.031421
95000 0.031984
96000 0.032617
97000 0.034228
98000 0.033127
99000 0.033266
100000 0.033565
101000 0.033987
102000 0.035488
103000 0.034346
104000 0.036222
105000 0.035484
106000 0.037422
107000 0.036280
108000 0.036718
109000 0.037029
110000 0.036938
111000 0.037250
112000 0.037525
113000 0.037779
114000 0.037767
115000 0.038351
116000 0.039934
117000 0.039357
118000 0.039208
119000 0.040552
120000 0.039595
121000 0.040432
122000 0.042244
123000 0.042414
124000 0.042655
125000 0.042312
126000 0.042118
127000 0.042802
128000 0.043014
129000 0.042898
130000 0.045075
131000 0.043897
132000 0.044786
133000 0.044097
134000 0.045059
135000 0.046041
136000 0.046426
137000 0.046984
138000 0.046939
139000 0.047362
140000 0.047127
141000 0.046862
142000 0.048221
143000 0.047787
144000 0.049066
145000 0.048396
146000 0.049178
147000 0.050131
148000 0.050540
149000 0.051780
150000 0.051014
151000 0.051037
152000 0.051215
153000 0.054169
154000 0.051647
155000 0.053260
156000 0.052428
157000 0.052863
158000 0.054251
159000 0.054072
160000 0.054992
161000 0.055240
162000 0.055351
163000 0.055299
164000 0.056148
165000 0.056615
166000 0.056343
167000 0.057244
168000 0.057735
169000 0.057315
170000 0.058254
171000 0.057749
172000 0.058243
173000 0.058922
174000 0.058913
175000 0.059223
176000 0.060230
177000 0.060021
178000 0.060844
179000 0.060934
180000 0.061261
181000 0.061663
182000 0.062242
183000 0.062733
184000 0.063248
185000 0.063519
186000 0.064761
187000 0.064200
188000 0.065337
189000 0.065406
190000 0.065930
191000 0.066989
192000 0.066881
193000 0.067275
194000 0.067547
195000 0.068127
196000 0.068518
197000 0.068990
198000 0.069048
199000 0.069425
200000 0.069873
201000 0.070406
202000 0.070657
203000 0.071401
204000 0.071676
205000 0.072630
206000 0.072702
207000 0.072942
208000 0.073603
209000 0.073621
210000 0.074436
211000 0.074698
212000 0.075516
213000 0.075662
214000 0.075789
215000 0.076595
216000 0.077043
217000 0.080522
218000 0.078326
219000 0.078042
220000 0.078565
221000 0.076825
222000 0.092556
223000 0.099361
224000 0.089015
225000 0.094558
226000 0.095800
227000 0.079966
228000 0.081790
229000 0.079479
230000 0.092249
231000 0.097820
232000 0.081858
233000 0.094796
234000 0.096102
235000 0.080851
236000 0.080671
237000 0.081176
238000 0.081166
239000 0.097912
240000 0.101625
241000 0.095088
242000 0.083535
243000 0.083476
244000 0.090917
245000 0.086871
246000 0.087052
247000 0.093369
248000 0.098313
249000 0.091736
250000 0.091995
251000 0.092717
252000 0.091903
253000 0.093990
254000 0.093447
255000 0.094709
256000 0.094605
257000 0.094752
258000 0.094929
259000 0.095327
260000 0.096319
261000 0.096081
262000 0.097295
263000 0.096502
264000 0.097809
265000 0.098344
266000 0.098303
267000 0.100064
268000 0.100126
269000 0.099576
270000 0.100745
271000 0.100340
272000 0.100848
273000 0.101890
274000 0.102005
275000 0.102192
276000 0.102527
277000 0.103105
278000 0.103728
279000 0.104598
280000 0.106914
281000 0.106122
282000 0.105557
283000 0.106218
284000 0.106810
285000 0.107302
286000 0.107683
287000 0.108285
288000 0.108722
289000 0.108965
290000 0.109900
291000 0.109452
292000 0.110088
293000 0.111113
294000 0.111105
295000 0.111889
296000 0.112921
297000 0.113113
298000 0.113264
299000 0.113744
300000 0.114547
